70  119 75  55  72  107 18  97  
57  81  101 9   97  97  126 102 
26  88  101 15  65  85  111 125 
7   12  22  111 39  123 48  34  
119 127 61  117 43  24  16  14  
111 22  74  18  41  66  54  106 
75  45  58  38  5   115 86  32  
86  81  113 122 104 98  87  109 
75  9   109 78  115 109 110 110 
29  91  53  43  54  65  47  8   
9   97  56  123 59  126 37  8   
49  117 31  37  79  17  47  14  
96  66  53  31  10  106 6   46  
59  53  102 19  81  51  48  43  
123 69  36  117 105 39  92  118 
106 16  33  75  103 91  73  47  
103 23  70  107 47  2   45  88  
112 90  14  69  4   40  121 33  
48  2   107 6   35  103 115 66  
22  83  3   87  104 124 124 15  
121 20  75  10  82  102 99  28  
22  21  45  46  30  114 59  48  
31  102 88  26  97  85  114 54  
81  101 4   104 107 126 7   31  
23  71  12  29  88  21  3   117 
12  107 23  112 41  120 54  23  
48  112 86  110 11  65  73  121 
35  112 72  32  25  97  106 72  
30  68  25  17  15  99  38  45  
19  69  12  2   110 94  30  61  
10  78  84  10  88  58  44  78  
13  120 104 39  3   6   10  97  
14  72  89  7   16  42  54  100 
79  127 26  124 32  114 92  54  
10  112 81  42  61  53  74  23  
50  108 97  100 78  96  92  53  
58  121 87  61  38  127 3   47  
102 50  85  87  22  58  42  101 
43  34  108 97  115 81  86  35  
40  108 84  39  52  24  113 17  