10
00100010001100100000000000000100 01000100011011101000
00110000000000000000000000100110 11111100011111110001
00000010001100101011100001000000 01000100001111110000
00000001000100011000011101000010 11111100011111110001
00100010111100000000001010110111 10010100001001010111
11000000000000000000000000100110 11111100011111110001
00000010001100001111100101100000 10001100001001010111
11000000000000000000000000100110 11111100011111110001
00000011111100101000110000100101 01000010001011111111
00000010000111111111100110100111 10111101111000010111
